corners
    438.98    356.37
   2820.23    348.27
   2824.28   3061.59
    438.98   3065.64
=
jammu and kashmir
   1107.19    813.99
    985.70    737.05
    977.60    615.55
   1022.15    546.71
    920.90    473.81
   1078.84    380.67
   1277.28    542.66
   1463.57    514.31
   1467.62    587.21
   1374.47    700.60
   1414.97    801.84
   1293.48    793.74
   1184.14    741.10
=
rajasthan
    977.60    980.03
   1014.05   1020.53
   1026.20   1073.17
   1220.58   1218.96
   1277.28   1295.91
   1143.64   1385.00
   1167.94   1514.60
   1070.74   1546.99
   1058.59   1441.70
   1005.95   1470.05
    981.65   1595.59
    876.36   1482.20
    730.57   1445.75
    665.77   1275.66
    609.07   1239.21
    702.22   1142.02
    803.46   1170.37
=
uttar pradesh
   1265.13    988.13
   1281.33   1000.28
   1265.13   1028.63
   1289.43   1048.88
   1317.78   1040.78
   1694.40   1255.41
   1763.25   1332.36
   1722.75   1336.41
   1771.35   1409.30
   1682.25   1453.85
   1682.25   1551.04
   1633.66   1563.19
   1629.61   1494.35
   1528.36   1457.90
   1317.78   1425.50
   1358.27   1344.51
   1329.93   1308.06
   1240.83   1287.81
   1224.63   1218.96
   1240.83   1178.47
   1212.48   1056.97
=
gujarat
    730.57   1441.70
    868.26   1486.25
    965.45   1603.69
    920.90   1708.98
    876.36   1846.67
    831.81   1838.57
    811.56   1660.39
    779.16   1741.38
    653.62   1789.98
    540.23   1627.99
    669.82   1579.39
    576.68   1587.49
    495.68   1486.25
=
madhya pradesh
    973.55   1607.74
   1022.15   1546.99
   1005.95   1449.80
   1095.04   1482.20
   1078.84   1546.99
   1171.99   1522.69
   1204.38   1429.55
   1147.69   1417.40
   1147.69   1385.00
   1289.43   1304.01
   1350.17   1340.46
   1317.78   1429.55
   1629.61   1498.40
   1629.61   1559.14
   1560.76   1579.39
   1589.11   1623.94
   1532.41   1688.73
   1504.06   1688.73
   1463.57   1785.93
   1208.43   1733.28
   1111.24   1785.93
    945.20   1704.93
    949.25   1660.39
=
maharashtra
    811.56   1850.72
    868.26   1850.72
    929.00   1708.98
   1103.14   1789.98
   1212.48   1733.28
   1455.47   1781.88
   1447.37   1919.57
   1475.72   1951.97
   1431.17   2004.61
   1402.82   1996.51
   1402.82   1935.77
   1277.28   1899.32
   1204.38   2032.96
    929.00   2166.60
    941.15   2211.15
    872.31   2235.45
    831.81   2032.96
=
karnataka
    888.51   2267.85
    941.15   2219.25
    929.00   2170.65
   1204.38   2032.96
   1192.24   2235.45
   1155.79   2235.45
   1163.89   2324.54
   1131.49   2324.54
   1151.74   2429.84
   1265.13   2482.48
   1244.88   2514.88
   1180.09   2527.03
   1188.19   2583.73
   1078.84   2612.07
    969.50   2531.08
    933.05   2369.09
=
telangana
   1208.4   2028.9
   1273.2   1903.4
   1398.8   1943.9
   1398.8   1996.5
   1455.5   2012.7
   1491.9   2073.5
   1552.7   2081.6
   1471.7   2150.4
   1325.9   2215.2
   1192.2   2243.5
=
andhra pradesh
   1159.8   2243.5
   1184.1   2239.5
   1301.6   2243.5
   1520.3   2138.3
   1536.5   2089.7
   1698.5   1988.4
   1799.7   1996.5
   1593.2   2158.5
   1609.4   2190.9
   1483.8   2271.9
   1463.6   2243.5
   1415.0   2288.1
   1431.2   2462.2
   1277.3   2498.7
   1224.6   2417.7
   1184.1   2437.9
   1127.4   2324.5
   1159.8   2320.5
=
tamil nadu
   1074.8   2608.0
   1196.3   2591.8
   1188.2   2531.1
   1228.7   2506.8
   1261.1   2531.1
   1431.2   2466.3
   1378.5   2604.0
   1378.5   2745.7
   1338.0   2745.7
   1297.5   2830.8
   1244.9   2847.0
   1208.4   2932.0
   1139.6   2919.9
   1151.7   2733.6
   1119.3   2745.7
   1107.2   2676.9
=
kerala
    961.40   2518.93
   1066.69   2608.02
   1119.34   2749.76
   1147.69   2745.71
   1135.54   2915.80
   1078.84   2851.01
   1038.35   2676.87